Input:raise your left hand, then your right hand, while slightly walking to the left
Output:
```
{
	“facial_expression”:”neutral”,
	“head_angle”:[0, 0, 0, 0, 0, 0, 0, 0, 0, 0, 0, 0, 0, 0, 0, 0, 0, 0, 0, 0, 0, 0, 0, 0, 0, 0, 0, 0],
	“body_position”:[[0.0, 0.0], [0.0, -0.02], [0.0, -0.04], [0.0, -0.06], [0.0, -0.08], [0.0, -0.1], [0.0, -0.12], [0.0, -0.14], [0.0, -0.16], [0.0, -0.18], [0.0, -0.2], [0.0, -0.2], [0.0, -0.2], [0.0, -0.2], [0.0, -2.0]],
	“left_arm_angle”:[10, 30, 50, 70, 100, 100, 100, 100, 70, 70, 30, 10, 0, 0, 0, 0, 0, 0, 0, 0, 0, 0, 0, 0, 0, 0],
	“right_arm_angle”:[0, 0, 0, 0, 0, 0, 0, 0, 0, 0, 0, 0, 0, 0, 10, 30, 50, 70, 100, 100, 100, 70, 70, 30, 10, 0, 0, 0],
	“left_leg_angle”:[0, 10, 20, 10, 0, 10, 20, 0, 10, 20, 0, 10, 20, 0, 10, 20, 0, 10, 20, 0, 10, 20, 0, 10, 20, 10, 0, 0],
	“right_leg_angle”:[20, 10, 0, 10, 20, 0, 10, 20, 0, 10, 20, 0, 10, 20, 0, 10, 20, 0, 10, 20, 0, 10, 20, 10, 0, 10, 20, 0]
}
```