Input:stay still
Output:
```
{
	“legs_angles”:[[0, 0], [0, 0], [0, 0], [0, 0], [0, 0], [0, 0], [0, 0], [0, 0], [0, 0], [0, 0], [0, 0], [0, 0], [0, 0], [0, 0], [0, 0], [0, 0], [0, 0], [0, 0], [0, 0], [0, 0]]
}
```
Input:run
Output:
```
{
	“legs_angles”:[[10, -50], [20, -30], [30, -20], [40, -10], [50, 0], [40, -10], [30, -20], [20, -30], [10, -50], [0, 0], [-10, 50], [-20, 30], [-30, 20], [-40, 10], [-50, 0], [-40, 10], [-30, 20], [-20, 30], [-10, 50], [0, 0]]
}
```
Input:lift your right leg
Output:
```
{
	“legs_angles”:[[0, 0], [0, 10], [0, 20], [0, 30], [0, 40], [0, 50], [0, 60], [0, 75], [0, 75], [0, 75], [0, 75], [0, 75], [0, 75], [0, 60], [0, 50], [0, 40], [0, 30], [0, 20], [0, 10], [0, 0]]
}
```